#C Xe 10keV Si
#IncidenceAngle	Yield
0.0	0.0
1.5	0.0
3.0	0.0
4.5	0.0
6.0	0.0
7.5	0.0
9.0	0.0
10.5	0.0
12.0	0.0
13.5	0.0
15.0	0.0
16.5	0.0
18.0	0.0
19.5	0.0
21.0	0.0
22.0	0.0
23.0	0.0
24.0	0.0
25.0	0.0
26.0	0.0
27.0	0.0
28.0	0.0
29.0	0.0
30.0	0.0
31.0	0.0
32.0	0.0
33.0	0.0
34.0	0.0
35.0	0.0
36.0	0.0
37.0	0.0
38.0	0.0
39.0	0.0
40.0	0.0
40.75	0.0
41.5	0.0
42.25	0.0
43.0	0.0
43.75	0.001
44.5	0.001
45.25	0.001
46.0	0.001
46.75	0.001
47.5	0.001
48.25	0.001
49.0	0.002
49.75	0.002
50.5	0.002
51.0	0.003
51.5	0.003
52.0	0.003
52.5	0.003
53.0	0.004
53.5	0.004
54.0	0.005
54.5	0.005
55.0	0.006
55.5	0.006
56.0	0.007
56.5	0.008
57.0	0.009
57.5	0.009
58.0	0.01
58.5	0.011
59.0	0.012
59.5	0.014
60.0	0.015
60.5	0.016
61.0	0.018
61.5	0.02
62.0	0.022
62.5	0.024
63.0	0.026
63.5	0.028
64.0	0.031
64.5	0.033
65.0	0.036
65.5	0.04
66.0	0.043
66.5	0.047
67.0	0.051
67.5	0.055
68.0	0.059
68.5	0.065
69.0	0.07
69.5	0.076
70.0	0.082
70.25	0.085
70.5	0.089
70.75	0.092
71.0	0.096
71.25	0.1
71.5	0.103
71.75	0.107
72.0	0.112
72.25	0.116
72.5	0.12
72.75	0.125
73.0	0.13
73.25	0.134
73.5	0.139
73.75	0.145
74.0	0.15
74.25	0.156
74.5	0.162
74.75	0.168
75.0	0.174
75.25	0.18
75.5	0.187
75.75	0.194
76.0	0.2
76.25	0.208
76.5	0.216
76.75	0.223
77.0	0.232
77.25	0.24
77.5	0.249
77.75	0.258
78.0	0.267
78.25	0.277
78.5	0.286
78.75	0.296
79.0	0.308
79.25	0.318
79.5	0.33
79.75	0.341
80.0	0.353
80.1	0.358
80.2	0.363
80.3	0.369
80.4	0.373
80.5	0.379
80.6	0.384
80.7	0.39
80.8	0.394
80.9	0.401
81.1	0.411
81.2	0.418
81.3	0.424
81.4	0.43
81.5	0.435
81.6	0.442
81.7	0.449
81.8	0.454
81.8	0.454
81.9	0.46
82.0	0.468
82.1	0.474
82.2	0.481
82.3	0.488
82.4	0.494
82.5	0.501
82.6	0.51
82.7	0.516
82.8	0.523
82.9	0.531
83.1	0.547
83.2	0.555
83.3	0.563
83.4	0.571
83.5	0.58
83.6	0.588
83.7	0.597
83.8	0.606
83.8	0.606
83.9	0.614
84.1	0.633
84.2	0.642
84.3	0.653
84.4	0.662
84.5	0.671
84.6	0.682
84.7	0.692
84.8	0.702
84.8	0.702
84.9	0.713
85.1	0.735
85.15	0.74
85.2	0.745
85.25	0.751
85.3	0.756
85.35	0.762
85.4	0.767
85.45	0.774
85.5	0.779
85.55	0.785
85.6	0.791
85.65	0.796
85.7	0.802
85.75	0.808
85.8	0.814
85.85	0.819
85.85	0.819
85.9	0.825
85.95	0.831
86.0	0.836
86.05	0.843
86.1	0.848
86.15	0.854
86.2	0.859
86.25	0.865
86.3	0.87
86.35	0.876
86.4	0.882
86.45	0.887
86.5	0.893
86.55	0.898
86.6	0.903
86.65	0.908
86.7	0.913
86.75	0.918
86.8	0.924
86.85	0.928
86.9	0.933
86.95	0.937
87.05	0.946
87.1	0.95
87.15	0.954
87.2	0.958
87.25	0.962
87.3	0.966
87.35	0.969
87.4	0.972
87.45	0.975
87.5	0.977
87.55	0.98
87.6	0.982
87.65	0.984
87.7	0.986
87.75	0.988
87.8	0.99
87.8	0.99
87.85	0.991
87.9	0.993
87.95	0.994
88.05	0.995
88.1	0.996
88.15	0.997
88.2	0.997
88.25	0.998
88.3	0.998
88.35	0.998
88.4	0.998
88.45	0.998
88.5	0.998
88.55	0.998
88.6	0.998
88.65	0.998
88.7	0.997
88.75	0.997
88.8	0.997
88.8	0.997
88.85	0.996
88.9	0.996
88.95	0.995
89.0	0.994
89.05	0.994
89.1	0.993
89.15	0.992
89.2	0.991
89.25	0.989
89.3	0.988
89.35	0.987
89.4	0.986
89.45	0.984
89.5	0.983
89.55	0.982
89.6	0.98
89.65	0.979
89.7	0.978
89.75	0.977
89.8	0.976
89.85	0.975
89.9	0.975
89.95	0.974
