#C Ga 30keV Si
#IncidenceAngle	Yield
0.0	0.0
1.5	0.0
3.0	0.0
4.5	0.0
6.0	0.0
7.5	0.0
9.0	0.0
10.5	0.0
12.0	0.0
13.5	0.0
15.0	0.0
16.5	0.0
18.0	0.0
19.5	0.0
21.0	0.0
22.0	0.0
23.0	0.0
24.0	0.0
25.0	0.0
26.0	0.0
27.0	0.0
28.0	0.0
29.0	0.0
30.0	0.001
31.0	0.001
32.0	0.001
33.0	0.001
34.0	0.001
35.0	0.001
36.0	0.001
37.0	0.002
38.0	0.002
39.0	0.002
40.0	0.002
40.75	0.003
41.5	0.003
42.25	0.003
43.0	0.004
43.75	0.004
44.5	0.005
45.25	0.005
46.0	0.006
46.75	0.007
47.5	0.007
48.25	0.008
49.0	0.009
49.75	0.01
50.5	0.011
51.0	0.012
51.5	0.013
52.0	0.014
52.5	0.015
53.0	0.016
53.5	0.017
54.0	0.018
54.5	0.019
55.0	0.02
55.5	0.022
56.0	0.023
56.5	0.025
57.0	0.027
57.5	0.028
58.0	0.03
58.5	0.033
59.0	0.034
59.5	0.037
60.0	0.039
60.5	0.041
61.0	0.044
61.5	0.047
62.0	0.05
62.5	0.053
63.0	0.056
63.5	0.06
64.0	0.064
64.5	0.068
65.0	0.072
65.5	0.076
66.0	0.08
66.5	0.085
67.0	0.09
67.5	0.095
68.0	0.101
68.5	0.107
69.0	0.113
69.5	0.119
70.0	0.126
70.25	0.129
70.5	0.133
70.75	0.136
71.0	0.14
71.25	0.144
71.5	0.148
71.75	0.152
72.0	0.155
72.25	0.16
72.5	0.164
72.75	0.169
73.0	0.173
73.25	0.177
73.5	0.182
73.75	0.186
74.0	0.191
74.25	0.197
74.5	0.201
74.75	0.206
75.0	0.212
75.25	0.217
75.5	0.222
75.75	0.229
76.0	0.233
76.25	0.239
76.5	0.245
76.75	0.251
77.0	0.257
77.25	0.263
77.5	0.27
77.75	0.276
78.0	0.283
78.25	0.29
78.5	0.297
78.75	0.304
79.0	0.311
79.25	0.319
79.5	0.327
79.75	0.334
80.1	0.345
80.2	0.348
80.3	0.352
80.4	0.355
80.5	0.358
80.6	0.361
80.7	0.365
80.8	0.368
80.8	0.368
80.9	0.371
81.1	0.379
81.2	0.382
81.3	0.386
81.4	0.39
81.5	0.392
81.6	0.397
81.7	0.4
81.8	0.404
81.8	0.404
81.9	0.409
82.0	0.411
82.1	0.416
82.2	0.42
82.3	0.423
82.4	0.428
82.5	0.432
82.6	0.436
82.7	0.44
82.8	0.445
82.9	0.449
83.0	0.453
83.1	0.458
83.2	0.461
83.3	0.467
83.4	0.472
83.5	0.476
83.6	0.481
83.7	0.485
83.8	0.491
83.9	0.496
84.0	0.501
84.1	0.506
84.2	0.511
84.3	0.516
84.4	0.522
84.5	0.528
84.6	0.533
84.7	0.539
84.8	0.545
84.9	0.551
85.0	0.558
85.1	0.563
85.15	0.566
85.2	0.57
85.25	0.573
85.3	0.578
85.35	0.58
85.4	0.584
85.45	0.588
85.5	0.59
85.55	0.594
85.6	0.599
85.65	0.601
85.7	0.606
85.75	0.609
85.8	0.613
85.85	0.617
85.9	0.621
85.95	0.626
86.0	0.63
86.05	0.634
86.1	0.639
86.15	0.643
86.2	0.648
86.25	0.652
86.3	0.657
86.35	0.662
86.4	0.666
86.45	0.671
86.5	0.677
86.55	0.681
86.6	0.687
86.65	0.692
86.7	0.698
86.75	0.704
86.8	0.709
86.85	0.715
86.9	0.721
86.95	0.728
87.05	0.74
87.1	0.747
87.15	0.754
87.2	0.76
87.25	0.767
87.3	0.774
87.35	0.782
87.4	0.789
87.45	0.797
87.5	0.804
87.55	0.812
87.6	0.82
87.65	0.828
87.7	0.836
87.75	0.844
87.8	0.853
87.8	0.853
87.85	0.861
87.9	0.87
87.95	0.878
88.0	0.887
88.05	0.895
88.1	0.903
88.15	0.912
88.2	0.92
88.25	0.928
88.3	0.936
88.35	0.943
88.4	0.95
88.45	0.957
88.5	0.963
88.55	0.969
88.6	0.974
88.65	0.979
88.7	0.983
88.75	0.987
88.8	0.99
88.85	0.992
88.9	0.994
88.95	0.996
89.05	0.998
89.1	0.999
89.15	0.999
89.2	1.0
89.25	1.0
89.3	1.0
89.35	1.0
89.4	1.0
89.4	1.0
89.45	1.0
89.5	1.0
89.55	1.0
89.6	1.0
89.65	1.0
89.7	1.0
89.75	1.0
89.8	1.0
89.85	1.0
89.9	1.0
89.95	1.0
