#C Xe 30keV Si
#IncidenceAngle	Yield
0.0	0.0
1.5	0.0
3.0	0.0
4.5	0.0
6.0	0.0
7.5	0.0
9.0	0.0
10.5	0.0
12.0	0.0
13.5	0.0
15.0	0.0
16.5	0.0
18.0	0.0
19.5	0.0
21.0	0.0
22.0	0.0
23.0	0.0
24.0	0.0
25.0	0.0
26.0	0.0
27.0	0.0
28.0	0.0
29.0	0.0
30.0	0.0
31.0	0.0
32.0	0.0
33.0	0.0
34.0	0.0
35.0	0.0
36.0	0.0
37.0	0.0
38.0	0.0
39.0	0.0
40.0	0.0
40.75	0.0
41.5	0.0
42.25	0.0
43.0	0.0
43.75	0.0
44.5	0.0
45.25	0.001
46.0	0.001
46.75	0.001
47.5	0.001
48.25	0.001
49.0	0.001
49.75	0.001
50.5	0.002
51.0	0.002
51.5	0.002
52.0	0.002
52.5	0.003
53.0	0.003
53.5	0.003
54.0	0.003
54.5	0.004
55.0	0.004
55.5	0.005
56.0	0.005
56.5	0.006
57.0	0.006
57.5	0.007
58.0	0.008
58.5	0.009
59.0	0.01
59.5	0.011
60.0	0.012
60.5	0.013
61.0	0.014
61.5	0.016
62.0	0.017
62.5	0.019
63.0	0.021
63.5	0.023
64.0	0.025
64.5	0.027
65.0	0.029
65.5	0.032
66.0	0.035
66.5	0.038
67.0	0.041
67.5	0.045
68.0	0.049
68.5	0.053
69.0	0.058
69.5	0.063
70.0	0.068
70.25	0.071
70.5	0.073
70.75	0.077
71.0	0.08
71.25	0.083
71.5	0.086
71.75	0.09
72.0	0.093
72.25	0.096
72.5	0.1
72.75	0.104
73.0	0.108
73.25	0.112
73.5	0.116
73.75	0.12
74.0	0.125
74.25	0.13
74.5	0.134
74.75	0.139
75.0	0.145
75.25	0.149
75.5	0.155
75.75	0.161
76.0	0.166
76.25	0.172
76.5	0.179
76.75	0.185
77.0	0.191
77.25	0.198
77.5	0.205
77.75	0.212
78.0	0.219
78.25	0.227
78.5	0.235
78.75	0.242
79.0	0.251
79.25	0.259
79.5	0.268
79.75	0.277
80.0	0.287
80.1	0.29
80.2	0.294
80.3	0.298
80.4	0.302
80.5	0.306
80.6	0.31
80.7	0.314
80.8	0.317
80.9	0.322
81.1	0.331
81.2	0.335
81.3	0.339
81.4	0.345
81.5	0.349
81.6	0.353
81.7	0.358
81.8	0.363
81.8	0.363
81.9	0.368
82.0	0.372
82.1	0.377
82.2	0.382
82.3	0.387
82.4	0.392
82.5	0.398
82.6	0.403
82.7	0.408
82.8	0.413
82.9	0.419
83.1	0.43
83.2	0.436
83.3	0.442
83.4	0.447
83.5	0.454
83.6	0.46
83.7	0.467
83.8	0.473
83.8	0.473
83.9	0.48
84.0	0.486
84.1	0.493
84.2	0.5
84.3	0.507
84.4	0.514
84.5	0.522
84.6	0.529
84.7	0.536
84.8	0.545
84.9	0.553
85.0	0.561
85.1	0.57
85.15	0.574
85.2	0.578
85.25	0.583
85.3	0.587
85.35	0.592
85.4	0.598
85.45	0.602
85.5	0.606
85.55	0.611
85.6	0.615
85.65	0.621
85.7	0.627
85.75	0.632
85.8	0.637
85.85	0.642
85.9	0.648
85.95	0.652
86.05	0.665
86.1	0.67
86.15	0.675
86.2	0.681
86.25	0.688
86.3	0.694
86.35	0.699
86.4	0.706
86.45	0.713
86.5	0.719
86.55	0.725
86.6	0.732
86.65	0.739
86.7	0.745
86.75	0.753
86.8	0.759
86.8	0.759
86.85	0.766
86.9	0.774
86.95	0.781
87.05	0.796
87.1	0.804
87.15	0.812
87.2	0.819
87.25	0.827
87.3	0.834
87.35	0.843
87.4	0.851
87.4	0.851
87.45	0.859
87.5	0.866
87.55	0.874
87.6	0.882
87.65	0.89
87.7	0.898
87.75	0.905
87.8	0.913
87.85	0.92
87.9	0.927
87.95	0.934
88.0	0.941
88.05	0.947
88.1	0.953
88.15	0.959
88.2	0.965
88.25	0.97
88.3	0.974
88.35	0.979
88.4	0.982
88.45	0.986
88.5	0.989
88.55	0.991
88.6	0.993
88.65	0.995
88.7	0.996
88.75	0.997
88.8	0.998
88.85	0.999
88.9	0.999
88.95	0.999
89.05	1.0
89.1	1.0
89.15	1.0
89.2	0.999
89.25	0.999
89.3	0.999
89.35	0.999
89.4	0.998
89.4	0.998
89.45	0.998
89.5	0.997
89.55	0.997
89.6	0.996
89.65	0.995
89.7	0.994
89.75	0.993
89.8	0.993
89.85	0.992
89.9	0.991
89.95	0.991
