#C Ar 30keV Si
#IncidenceAngle	Yield
0.0	0.0
1.5	0.0
3.0	0.0
4.5	0.0
6.0	0.0
7.5	0.0
9.0	0.001
10.5	0.001
12.0	0.001
13.5	0.001
15.0	0.001
16.5	0.001
18.0	0.001
19.5	0.001
21.0	0.001
22.0	0.002
23.0	0.002
24.0	0.002
25.0	0.002
26.0	0.002
27.0	0.003
28.0	0.003
29.0	0.003
30.0	0.004
31.0	0.004
32.0	0.004
33.0	0.005
34.0	0.005
35.0	0.006
36.0	0.007
37.0	0.007
38.0	0.008
39.0	0.009
40.0	0.01
40.75	0.011
41.5	0.011
42.25	0.013
43.0	0.013
43.75	0.015
44.5	0.016
45.25	0.017
46.0	0.018
46.75	0.02
47.5	0.021
48.25	0.023
49.0	0.025
49.75	0.027
50.5	0.029
51.0	0.03
51.5	0.032
52.0	0.033
52.5	0.035
53.0	0.037
53.5	0.039
54.0	0.041
54.5	0.042
55.0	0.044
55.5	0.046
56.0	0.049
56.5	0.051
57.0	0.054
57.5	0.056
58.0	0.059
58.5	0.062
59.0	0.065
59.5	0.068
60.0	0.071
60.5	0.075
61.0	0.078
61.5	0.081
62.0	0.085
62.5	0.089
63.0	0.093
63.5	0.097
64.0	0.102
64.5	0.107
65.0	0.112
65.5	0.116
66.0	0.122
66.5	0.127
67.0	0.133
67.5	0.138
68.0	0.144
68.5	0.151
69.0	0.157
69.5	0.164
70.0	0.171
70.25	0.174
70.5	0.178
70.75	0.182
71.0	0.185
71.25	0.189
71.5	0.192
71.75	0.196
72.0	0.201
72.25	0.205
72.5	0.209
72.75	0.214
73.0	0.218
73.25	0.222
73.5	0.226
73.75	0.231
74.0	0.235
74.25	0.24
74.5	0.245
74.75	0.25
75.0	0.254
75.25	0.259
75.5	0.264
75.75	0.27
76.0	0.275
76.25	0.28
76.5	0.286
76.75	0.292
77.0	0.297
77.25	0.303
77.5	0.309
77.75	0.315
78.0	0.321
78.25	0.327
78.5	0.333
78.75	0.339
79.0	0.345
79.25	0.353
79.5	0.359
79.75	0.366
80.1	0.376
80.2	0.378
80.3	0.381
80.4	0.384
80.5	0.387
80.6	0.39
80.7	0.393
80.8	0.395
80.8	0.395
80.9	0.399
81.0	0.402
81.1	0.405
81.2	0.408
81.3	0.411
81.4	0.416
81.5	0.418
81.6	0.421
81.7	0.423
81.8	0.427
81.9	0.431
82.1	0.437
82.2	0.441
82.3	0.444
82.4	0.448
82.5	0.451
82.6	0.454
82.7	0.459
82.8	0.463
82.8	0.463
82.9	0.466
83.0	0.469
83.1	0.473
83.2	0.477
83.3	0.48
83.4	0.484
83.5	0.488
83.6	0.493
83.7	0.497
83.8	0.5
83.9	0.505
84.1	0.513
84.2	0.517
84.3	0.521
84.4	0.526
84.5	0.531
84.6	0.536
84.7	0.541
84.8	0.545
84.8	0.545
84.9	0.55
85.0	0.555
85.1	0.561
85.15	0.563
85.2	0.565
85.25	0.568
85.3	0.572
85.35	0.573
85.4	0.576
85.45	0.579
85.5	0.582
85.55	0.585
85.6	0.588
85.65	0.591
85.7	0.594
85.75	0.597
85.8	0.601
85.85	0.604
85.9	0.607
85.95	0.609
86.05	0.617
86.1	0.621
86.15	0.624
86.2	0.626
86.25	0.631
86.3	0.635
86.35	0.638
86.4	0.643
86.4	0.643
86.45	0.646
86.5	0.65
86.55	0.655
86.6	0.658
86.65	0.663
86.7	0.667
86.75	0.672
86.8	0.676
86.85	0.681
86.9	0.685
86.95	0.69
87.05	0.701
87.1	0.706
87.15	0.712
87.2	0.717
87.25	0.723
87.3	0.729
87.35	0.735
87.4	0.741
87.4	0.741
87.45	0.747
87.5	0.754
87.55	0.761
87.6	0.768
87.65	0.775
87.7	0.783
87.75	0.79
87.8	0.798
87.85	0.807
87.9	0.815
87.95	0.823
88.05	0.841
88.1	0.85
88.15	0.859
88.2	0.869
88.25	0.878
88.3	0.887
88.35	0.897
88.4	0.906
88.4	0.906
88.45	0.916
88.5	0.925
88.55	0.933
88.6	0.942
88.65	0.95
88.7	0.958
88.75	0.965
88.8	0.971
88.85	0.977
88.9	0.982
88.95	0.986
89.05	0.993
89.1	0.995
89.15	0.997
89.2	0.998
89.25	0.999
89.3	0.999
89.35	1.0
89.4	1.0
89.4	1.0
89.45	1.0
89.5	1.0
89.55	1.0
89.6	1.0
89.65	1.0
89.7	1.0
89.75	1.0
89.8	1.0
89.85	1.0
89.9	1.0
89.95	1.0
