#C Ar 10keV Si
#IncidenceAngle	Yield
0.0	1.621
1.5	1.616
3.0	1.626
4.5	1.638
6.0	1.653
7.5	1.668
9.0	1.684
10.5	1.710
12.0	1.743
13.5	1.772
15.0	1.807
16.5	1.848
18.0	1.894
19.5	1.945
21.0	2.000
22.0	2.040
23.0	2.080
24.0	2.124
25.0	2.168
26.0	2.218
27.0	2.276
28.0	2.324
29.0	2.382
30.0	2.441
31.0	2.505
32.0	2.568
33.0	2.638
34.0	2.709
35.0	2.791
36.0	2.868
37.0	2.950
38.0	3.038
39.0	3.132
40.0	3.226
40.75	3.299
41.5	3.374
42.25	3.457
43.0	3.543
43.75	3.625
44.5	3.719
45.25	3.803
46.0	3.901
46.75	3.997
47.5	4.098
48.25	4.199
49.0	4.305
49.75	4.418
50.5	4.531
51.0	4.613
51.5	4.692
52.0	4.774
52.5	4.856
53.0	4.947
53.5	5.026
54.0	5.116
54.5	5.203
55.0	5.302
55.5	5.386
56.0	5.482
56.5	5.583
57.0	5.679
57.5	5.779
58.0	5.876
58.5	5.986
59.0	6.081
59.5	6.193
60.0	6.291
60.5	6.407
61.0	6.522
61.5	6.625
62.0	6.737
62.5	6.849
63.0	6.961
63.5	7.085
64.0	7.201
64.5	7.321
65.0	7.431
65.5	7.551
66.0	7.677
66.5	7.792
67.0	7.920
67.5	8.047
68.0	8.163
68.5	8.282
69.0	8.403
69.5	8.521
70.0	8.638
70.25	8.700
70.5	8.760
70.75	8.812
71.0	8.879
71.25	8.927
71.5	8.995
71.75	9.036
72.0	9.106
72.25	9.152
72.5	9.204
72.75	9.260
73.0	9.315
73.25	9.367
73.5	9.415
73.75	9.458
74.0	9.510
74.25	9.557
74.5	9.594
74.75	9.643
75.0	9.682
75.25	9.731
75.5	9.763
75.75	9.800
76.0	9.840
76.25	9.888
76.5	9.905
76.75	9.930
77.0	9.954
77.25	9.982
77.5	10.002
77.75	10.027
78.0	10.038
78.25	10.042
78.5	10.057
78.75	10.058
79.0	10.063
79.25	10.052
79.5	10.050
79.75	10.039
80.0	10.022
80.1	10.016
80.2	10.010
80.3	9.997
80.4	9.985
80.5	9.973
80.6	9.969
80.7	9.938
80.8	9.933
80.9	9.915
81.0	9.896
81.1	9.883
81.2	9.860
81.3	9.846
81.4	9.828
81.5	9.803
81.6	9.773
81.7	9.747
81.8	9.714
81.9	9.699
81.91	9.688
81.92	9.691
81.93	9.685
81.94	9.684
81.95	9.673
81.96	9.668
81.97	9.675
81.98	9.679
81.99	9.671
82.01	9.669
82.02	9.651
82.03	9.642
82.04	9.659
82.05	9.639
82.06	9.636
82.07	9.638
82.08	9.632
82.08	9.632
82.09	9.635
82.1	9.638
82.2	9.591
82.3	9.558
82.4	9.517
82.5	9.490
82.6	9.452
82.7	9.411
82.8	9.360
82.9	9.318
83.0	9.262
83.1	9.227
83.2	9.161
83.3	9.115
83.4	9.054
83.5	8.995
83.6	8.936
83.7	8.860
83.8	8.788
83.9	8.731
83.91	8.718
83.92	8.705
83.93	8.693
83.94	8.700
83.95	8.697
83.96	8.680
83.97	8.677
83.98	8.662
83.99	8.655
84.01	8.646
84.02	8.637
84.03	8.634
84.04	8.612
84.05	8.619
84.06	8.598
84.07	8.590
84.08	8.594
84.09	8.576
84.1	8.569
84.2	8.494
84.3	8.417
84.4	8.317
84.5	8.229
84.6	8.124
84.7	8.023
84.8	7.924
84.8	7.924
84.9	7.818
85.0	7.701
85.1	7.574
85.15	7.520
85.2	7.462
85.25	7.401
85.3	7.317
85.35	7.255
85.4	7.173
85.45	7.120
85.5	7.052
85.55	6.974
85.6	6.890
85.65	6.814
85.7	6.743
85.75	6.643
85.8	6.571
85.85	6.485
85.9	6.391
85.95	6.309
86.0	6.228
86.05	6.124
86.1	6.036
86.15	5.940
86.2	5.849
86.25	5.738
86.3	5.636
86.35	5.531
86.4	5.424
86.45	5.318
86.5	5.206
86.55	5.092
86.6	4.981
86.65	4.862
86.7	4.740
86.75	4.622
86.8	4.490
86.85	4.375
86.9	4.241
86.95	4.117
86.955	4.111
86.96	4.089
86.965	4.081
86.97	4.069
86.975	4.056
86.98	4.035
86.985	4.035
86.99	4.020
86.995	4.002
87.005	3.974
87.01	3.968
87.015	3.953
87.02	3.935
87.025	3.932
87.03	3.913
87.035	3.897
87.04	3.881
87.045	3.867
87.05	3.854
87.1	3.722
87.15	3.590
87.2	3.456
87.25	3.310
87.3	3.176
87.35	3.029
87.4	2.899
87.4	2.899
87.45	2.761
87.5	2.622
87.55	2.479
87.6	2.342
87.65	2.205
87.7	2.067
87.75	1.937
87.8	1.805
87.85	1.672
87.9	1.554
87.95	1.424
87.9525	1.424
87.955	1.415
87.9575	1.407
87.96	1.400
87.9625	1.393
87.965	1.392
87.9675	1.384
87.97	1.376
87.9725	1.373
87.975	1.368
87.9775	1.353
87.98	1.352
87.9825	1.349
87.985	1.338
87.9875	1.335
87.99	1.327
87.9925	1.324
87.995	1.320
87.9975	1.313
88.0025	1.304
88.005	1.292
88.0075	1.290
88.01	1.285
88.0125	1.279
88.015	1.268
88.0175	1.264
88.02	1.263
88.0225	1.254
88.025	1.246
88.0275	1.242
88.03	1.238
88.0325	1.233
88.035	1.222
88.0375	1.220
88.04	1.208
88.0425	1.207
88.045	1.202
88.0475	1.200
88.05	1.191
88.1	1.077
88.15	0.976
88.2	0.877
88.25	0.780
88.3	0.693
88.35	0.608
88.4	0.536
88.45	0.466
88.5	0.403
88.55	0.344
88.6	0.293
88.65	0.249
88.7	0.210
88.75	0.176
88.8	0.144
88.8	0.144
88.85	0.119
88.9	0.097
88.95	0.078
89.05	0.052
89.1	0.041
89.15	0.033
89.2	0.027
89.25	0.022
89.3	0.017
89.35	0.014
89.4	0.011
89.45	0.009
89.5	0.008
89.55	0.007
89.6	0.006
89.65	0.005
89.7	0.004
89.75	0.004
89.8	0.004
89.8	0.004
89.85	0.003
89.9	0.003
89.95	0.003
90.00	0.000
